$ANSIBLE_VAULT;1.1;AES256
39363931336663396662306132313636313934633536323564623130663639366661393234366238
3635303734343464653063663735306464353363303537360a326630663961396134643763353464
64336266383861633630336337323834653632646565353163633661343733343266616263323762
3665313933646135330a353561626230373339646433343239643237316237623231333065623163
37356137666638373039336636653864306232656436623635306564656134343639643663363838
31386663353338303663646431383065653534626137643034653132663836626337326235353163
64373166656465376334656538303461653836656631376534393137383163303936663762313131
65636131353764663730393632663563666666396664303137653738623931633063393637326133
37326634656139343663613135653062393634313338336166363834303733343033663765656632
62303834616264323964303733303064643865663730306433323465366665366163376562363133
646530303336356635353531333361346463
