$ANSIBLE_VAULT;1.1;AES256
37633061653739323965363030343034656362656131376335346465613630613434653539313964
3035306265663030656131376465346539666136336636360a366561326466636134623138646233
38643532636431363666383963623964396431666437336135343863663239346539613439376138
6232313635643334640a636630623731396335353266656530363866323130306336653335623863
64613139313431653037306134326165306638666137356264366639323161336333636666636561
66386330393961666664306463383936633134663365386666343065383035623530646264653337
63326133353733643932613931376531386363373433346433623864343133396634363230393466
35323233636135666632666632636663393466343937643236306533613564626165636462653930
37303963666330376434326437376330326535613236366462373739376430613835386363616366
62386338343332363264366333653232613136613164316633313564333864383966313532333431
366538363863383334336635383161663762
